unity_time;FPS
0.000;71.71
0.100;90.21
0.200;94.99
0.300;95.90
0.400;93.84
0.500;97.93
0.600;92.92
0.700;85.10
0.800;86.36
0.900;92.33
1.000;95.49
1.100;95.82
1.200;87.40
1.300;80.31
1.400;79.86
1.500;78.68
1.600;74.52
1.700;82.51
1.800;86.20
1.900;85.65
2.000;90.92
2.100;99.01
2.200;110.84
2.300;103.22
2.400;103.74
2.500;107.09
2.600;91.17
2.700;79.07
2.800;64.75
2.900;56.56
3.000;50.64
3.100;44.30
3.200;44.24
3.300;69.43
3.400;90.20
3.500;98.63
3.600;101.64
3.700;87.41
3.800;82.86
3.900;74.02
4.000;67.67
4.100;75.64
4.200;69.29
4.300;70.94
4.400;83.95
4.500;87.42
4.600;92.52
4.700;92.64
4.800;90.32
4.900;95.04
5.000;84.24
5.100;86.27
5.200;74.30
5.300;94.04
5.400;89.68
5.500;76.39
5.600;65.76
5.700;66.53
5.800;62.39
5.900;80.35
6.000;79.89
6.100;87.10
6.200;73.56
6.300;75.68
6.400;79.38
6.500;84.34
6.600;86.05
6.700;85.39
6.800;91.13
6.900;89.06
7.000;94.10
7.100;91.49
7.200;87.77
7.300;79.20
7.400;78.81
7.500;76.90
7.600;68.83
7.700;63.58
7.800;64.10
7.900;65.63
8.000;71.65
8.100;87.43
8.200;94.46
8.300;100.03
8.400;96.62
8.500;98.70
8.600;84.54
8.700;73.14
8.800;60.31
8.900;58.53
9.000;68.42
9.100;80.57
9.200;82.43
9.300;77.10
9.400;78.57
9.500;90.14
9.600;86.06
9.700;85.02
9.800;88.74
9.900;84.62
10.000;91.14
10.100;90.22
10.200;91.09
10.300;94.19
10.400;90.53
10.500;78.11
10.600;81.00
10.700;90.59
10.800;94.75
10.900;94.09
11.000;78.70
11.100;74.78
11.200;84.93
11.300;95.72
11.400;94.84
11.500;85.63
11.600;81.04
11.700;82.91
11.800;85.44
11.900;76.34
12.000;69.76
12.100;66.55
12.200;81.28
12.300;93.37
12.400;94.88
12.500;95.13
12.600;92.50
12.700;83.54
12.800;80.78
12.900;82.40
13.000;85.03
13.100;91.44
13.200;96.66
13.300;96.10
13.400;100.45
13.500;81.79
13.600;77.47
13.700;83.46
13.800;84.88
13.900;85.07
14.000;85.10
14.100;86.57
14.200;93.96
14.300;99.90
14.400;97.17
14.500;101.01
14.600;90.66
14.700;93.27
14.800;91.59
14.900;88.28
15.000;90.07
15.100;98.38
15.200;93.32
15.300;88.54
15.400;90.70
15.500;103.89
15.600;99.52
15.700;98.66
15.800;96.45
15.900;93.26
16.000;90.00
16.100;93.18
16.200;96.51
16.300;98.08
16.400;102.16
16.500;102.26
16.600;98.78
16.700;91.87
16.800;93.72
16.900;95.87
17.000;94.53
17.100;97.04
17.200;104.28
17.300;103.84
17.400;105.42
17.500;104.35
17.600;92.54
17.700;98.60
17.800;96.40
17.900;94.34
18.000;90.81
18.100;92.46
18.200;97.15
18.300;103.53
18.400;105.12
18.500;103.32
18.600;102.28
18.700;99.19
18.800;99.51
18.900;91.37
19.000;93.00
19.100;96.60
19.200;93.33
19.300;93.99
19.400;93.52
19.500;100.16
19.600;96.82
19.700;86.25
19.800;87.53
19.900;90.48
20.000;92.12
20.100;93.92
20.200;96.86
20.300;99.14
20.400;106.12
20.500;103.20
20.600;98.59
20.700;96.02
20.800;96.39
20.900;96.18
21.000;94.26
21.100;80.92
21.200;91.62
21.300;101.51
21.400;104.68
21.500;109.12
21.600;99.63
21.700;95.00
21.800;100.44
21.900;91.47
22.000;83.33
22.100;89.78
22.200;99.98
22.300;99.65
22.400;106.02
22.500;106.59
22.600;102.37
22.700;101.75
22.800;91.71
22.900;91.68
23.000;89.43
23.100;95.99
23.200;97.00
23.300;94.12
23.400;96.16
23.500;101.97
23.600;93.62
23.700;92.99
23.800;88.66
23.900;95.53
24.000;95.18
24.100;75.85
24.200;88.75
24.300;95.77
24.400;99.79
24.500;100.11
24.600;93.98
24.700;100.97
24.800;97.36
24.900;99.57
25.000;98.66
25.100;99.12
25.200;103.99
25.300;97.92
25.400;102.86
25.500;108.80
25.600;103.72
25.700;100.23
25.800;95.10
25.900;92.27
26.000;82.70
26.100;89.25
26.200;100.57
26.300;100.08
26.400;97.88
26.500;89.83
26.600;82.36
26.700;85.90
26.800;78.43
26.900;81.10
27.000;79.27
27.100;83.00
27.200;81.35
27.300;80.72
27.400;75.81
27.500;83.05
27.600;86.89
27.700;85.93
27.800;85.31
27.900;85.56
28.000;88.02
28.100;87.65
28.200;90.76
28.300;97.05
28.400;93.13
28.500;94.85
28.600;82.49
28.700;88.55
28.800;91.62
28.900;89.37
29.000;82.01
29.100;89.24
29.200;92.55
29.300;84.27
29.400;83.37
29.500;76.96
29.600;70.06
29.700;70.04
29.800;75.54
29.900;74.41
30.000;75.15
30.100;74.56
30.200;77.78
30.300;67.07
30.400;68.06
30.500;77.59
30.600;79.25
30.700;82.78
30.800;86.13
30.900;84.20
31.000;85.80
31.100;85.04
31.200;88.23
31.300;95.76
31.400;95.14
31.500;88.72
31.600;85.38
31.700;89.29
31.800;90.72
31.900;91.22
32.000;87.17
32.100;80.47
32.200;71.05
32.300;73.11
32.400;75.48
32.500;84.88
32.600;87.44
32.700;95.82
32.800;95.29
32.900;90.12
33.000;85.77
33.100;85.90
33.200;87.88
33.300;95.85
33.400;83.01
33.500;72.46
33.600;66.99
33.700;59.68
33.800;56.31
33.900;60.93
34.000;74.79
34.100;85.35
34.200;87.86
34.300;91.19
34.400;92.70
34.500;93.68
34.600;93.57
34.700;96.20
34.800;83.46
34.900;82.78
35.000;90.94
35.100;95.30
35.200;94.07
35.300;96.27
35.400;98.72
35.500;100.97
35.600;98.68
35.700;96.37
35.800;98.43
35.900;97.07
36.000;97.27
36.100;95.45
36.200;96.67
36.300;99.95
36.400;96.29
36.500;95.91
36.600;94.12
36.700;95.41
36.800;86.24
36.900;79.94
37.000;75.29
37.100;72.12
37.200;76.92
37.300;76.96
37.400;93.32
37.500;90.79
37.600;94.41
37.700;87.22
37.800;77.86
37.900;65.67
38.000;69.57
38.100;70.04
38.200;62.63
38.300;58.36
38.400;58.12
38.500;61.61
38.600;60.60
38.700;57.49
38.800;59.80
38.900;62.54
39.000;59.44
39.100;63.91
39.200;68.62
39.300;69.55
39.400;70.36
39.500;72.09
39.600;74.03
39.700;69.35
39.800;67.45
39.900;66.39
40.000;69.80
40.100;78.64
40.200;76.29
40.300;81.68
40.400;74.60
40.500;76.66
40.600;75.61
40.700;69.91
40.800;64.97
40.900;59.40
41.000;55.37
41.100;61.73
41.200;76.74
41.300;80.34
41.400;81.44
41.500;80.03
41.600;79.53
41.700;93.75
41.800;87.68
41.900;91.23
42.000;88.70
42.100;87.56
42.200;81.45
42.300;80.06
42.400;86.60
42.500;89.99
42.600;91.60
42.700;90.38
42.800;91.09
42.900;90.76
43.000;90.28
43.100;87.13
43.200;84.33
43.300;86.57
43.400;85.48
43.500;86.75
43.600;86.08
43.700;85.25
43.800;87.20
43.900;87.02
44.000;81.84
44.100;78.61
44.200;86.80
44.300;85.02
44.400;87.40
44.500;90.57
44.600;91.61
44.700;89.51
44.800;86.52
44.900;89.00
45.000;90.07
45.100;80.43
45.200;73.29
45.300;66.69
45.400;68.74
45.500;77.53
45.600;86.01
45.700;89.01
45.800;90.31
45.900;91.01
46.000;84.98
46.100;86.00
46.200;80.85
46.300;86.33
46.400;83.66
46.500;74.21
46.600;64.28
46.700;67.49
46.800;77.56
46.900;83.44
47.000;84.15
47.100;83.33
47.200;81.93
47.300;81.63
47.400;83.42
47.500;89.01
47.600;88.29
47.700;90.75
47.800;82.73
47.900;84.27
48.000;81.25
48.100;78.05
48.200;74.91
48.300;75.17
48.400;76.35
48.500;81.22
48.600;82.57
48.700;85.70
48.800;85.34
48.900;82.86
49.000;76.53
49.100;81.91
49.200;84.86
49.300;79.23
49.400;79.49
49.500;85.36
49.600;81.98
49.700;88.54
49.800;88.40
49.900;90.65
50.000;89.29
50.100;87.14
50.200;88.38
50.300;87.38
50.400;87.26
50.500;88.77
50.600;91.18
50.700;89.16
50.800;88.54
50.900;83.33
51.000;85.25
51.100;88.70
51.200;81.95
51.300;87.29
51.400;81.28
51.500;83.95
51.600;89.99
51.700;91.09
51.800;91.60
51.900;92.00
52.000;88.73
52.100;88.72
52.200;89.80
52.300;87.16
52.400;84.57
52.500;80.48
52.600;81.51
52.700;83.41
52.800;83.86
52.900;86.50
53.000;85.80
53.100;82.94
53.200;83.21
53.300;80.91
53.400;81.51
53.500;82.87
53.600;85.12
53.700;85.27
53.800;85.01
53.900;86.11
54.000;85.04
54.100;76.71
54.200;80.57
54.300;78.59
54.400;81.81
54.500;85.35
54.600;87.89
54.700;84.91
54.800;83.39
54.900;82.89
55.000;78.32
55.100;72.93
55.200;73.59
55.300;70.35
55.400;65.34
55.500;75.67
55.600;82.06
55.700;83.24
55.800;83.44
55.900;83.30
56.000;82.01
56.100;78.91
56.200;78.78
56.300;82.89
56.400;83.50
56.500;87.42
56.600;85.05
56.700;88.53
56.800;84.62
56.900;75.51
57.000;71.51
57.100;71.74
57.200;71.52
57.300;76.12
57.400;78.57
57.500;80.71
57.600;81.62
57.700;84.84
57.800;84.17
57.900;83.48
58.000;78.08
58.100;81.73
58.200;84.04
58.300;86.93
58.400;77.53
58.500;85.30
58.600;86.35
58.700;87.68
58.800;88.56
58.900;88.73
59.000;77.49
59.100;83.30
59.200;83.26
59.300;85.15
59.400;77.69
59.500;83.68
59.600;76.05
59.700;80.70
59.800;82.49
59.900;79.63
60.000;80.62
60.100;84.16
60.200;84.68
60.300;83.06
60.400;83.54
60.500;85.77
60.600;85.68
60.700;85.34
60.800;88.13
60.900;86.53
61.000;85.48
61.100;86.91
61.200;79.88
61.300;77.07
61.400;81.73
61.500;84.38
61.600;85.97
61.700;85.94
61.800;83.97
61.900;82.42
62.000;83.38
62.100;86.42
62.200;84.92
62.300;86.78
62.400;84.91
62.500;78.89
62.600;75.27
62.700;82.84
62.800;86.26
62.900;83.65
63.000;77.31
63.100;73.91
63.200;70.17
63.300;63.31
63.400;73.37
63.500;83.43
63.600;88.20
63.700;87.90
63.800;87.87
63.900;87.59
64.000;84.95
64.100;84.09
64.200;84.49
64.300;82.70
64.400;86.96
64.500;89.39
64.600;89.75
64.700;87.80
64.800;86.50
64.900;87.85
65.000;85.58
65.100;87.96
65.200;88.96
65.300;87.42
65.400;88.10
65.500;89.40
65.600;90.12
65.700;92.13
65.800;92.42
65.900;90.56
66.000;92.70
66.100;94.12
66.200;97.52
66.300;102.01
66.400;110.67
66.500;114.50
66.600;95.49
66.700;87.06
66.800;79.16
66.900;97.90
67.000;113.28
67.100;115.47
67.200;112.18
67.300;114.94
67.400;98.27
67.500;105.22
67.600;115.55
67.700;118.10
67.800;116.96
67.900;110.90
68.000;99.78
68.100;100.73
68.200;96.21
68.300;95.51
68.400;85.22
68.500;89.68
68.600;91.79
68.700;92.48
68.800;90.44
68.900;87.81
69.000;84.86
69.100;88.66
69.200;88.64
69.300;86.17
69.400;86.92
69.500;85.29
69.600;80.00
69.700;73.18
69.800;76.28
69.900;77.62
70.000;79.33
70.100;79.55
70.200;80.47
70.300;84.21
70.400;81.69
70.500;83.77
70.600;83.50
70.700;82.85
70.800;82.42
70.900;81.36
71.000;81.73
71.100;78.06
71.200;81.87
71.300;82.67
71.400;72.89
71.500;72.60
71.600;77.91
71.700;74.23
71.800;73.97
71.900;72.89
72.000;77.84
72.100;76.98
72.200;78.84
72.300;81.77
72.400;80.63
72.500;84.36
72.600;84.94
72.700;88.39
72.800;86.72
72.900;84.76
73.000;84.19
73.100;83.21
73.200;84.87
73.300;82.11
73.400;84.18
73.500;88.56
73.600;90.95
73.700;86.58
73.800;83.80
73.900;85.74
74.000;82.00
74.100;83.02
74.200;82.08
74.300;86.58
74.400;87.69
74.500;96.61
74.600;101.74
74.700;101.22
74.800;105.43
74.900;108.58
75.000;112.06
75.100;115.43
75.200;113.20
75.300;115.31
75.400;106.75
75.500;99.64
75.600;96.49
75.700;111.58
75.800;116.04
75.900;113.79
76.000;106.90
76.100;86.51
76.200;95.67
76.300;109.62
76.400;111.74
76.500;112.09
76.600;114.11
76.700;117.86
76.800;120.88
76.900;102.39
77.000;108.07
77.100;99.84
77.200;101.13
77.300;108.69
77.400;110.05
77.500;110.31
77.600;115.18
77.700;114.72
77.800;116.67
77.900;115.50
78.000;113.43
78.100;111.34
78.200;115.30
78.300;111.69
78.400;118.31
78.500;117.20
78.600;121.15
78.700;118.03
78.800;111.05
78.900;111.04
79.000;110.69
79.100;113.44
79.200;119.23
79.300;113.62
79.400;116.43
79.500;110.59
79.600;104.08
79.700;96.71
79.800;94.62
79.900;110.26
80.000;109.53
80.100;115.16
80.200;121.27
80.300;117.99
80.400;103.14
80.500;107.29
80.600;110.71
80.700;117.06
80.800;114.95
80.900;112.20
81.000;106.39
81.100;108.53
81.200;109.22
81.300;111.75
81.400;112.12
81.500;115.21
81.600;98.88
81.700;93.59
81.800;96.16
81.900;97.73
82.000;100.68
82.100;102.08
82.200;100.38
82.300;94.66
82.400;93.42
82.500;91.08
82.600;88.30
82.700;75.31
82.800;79.26
82.900;73.00
83.000;80.81
83.100;79.49
83.200;84.91
83.300;84.75
83.400;83.52
83.500;79.84
83.600;73.83
83.700;78.46
83.800;79.81
83.900;79.35
84.000;80.49
84.100;74.41
84.200;78.26
84.300;75.85
84.400;76.38
84.500;79.75
84.600;80.60
84.700;82.57
84.800;80.96
84.900;78.28
85.000;80.55
85.100;77.44
85.200;75.42
85.300;75.78
85.400;77.02
85.500;74.96
85.600;81.95
85.700;81.92
85.800;83.57
85.900;83.09
86.000;76.70
86.100;80.31
86.200;83.90
86.300;83.63
86.400;86.45
86.500;83.90
86.600;81.78
86.700;70.67
86.800;71.38
86.900;67.22
87.000;70.04
87.100;74.48
87.200;72.28
87.300;69.09
87.400;66.62
87.500;65.87
87.600;65.56
87.700;64.04
87.800;64.81
87.900;62.93
88.000;61.99
88.100;63.24
88.200;67.79
88.300;73.79
88.400;74.48
88.500;73.24
88.600;75.32
88.700;74.11
88.800;74.29
88.900;75.16
89.000;66.40
89.100;66.62
89.200;73.06
89.300;70.83
89.400;66.98
89.500;65.68
89.600;68.13
89.700;65.20
89.800;68.11
89.900;66.96
90.000;70.97
90.100;67.76
90.200;73.32
90.300;74.69
90.400;63.74
90.500;69.49
90.600;68.77
90.700;66.08
90.800;70.45
90.900;66.26
91.000;61.15
91.100;53.39
91.200;50.93
91.300;45.44
91.400;47.48
91.500;49.52
91.600;63.70
91.700;78.40
91.800;86.15
91.900;83.28
92.000;74.00
92.100;70.34
92.200;69.94
92.300;69.46
92.400;69.77
92.500;68.61
92.600;63.46
92.700;61.81
92.800;62.57
92.900;59.61
93.000;60.67
93.100;57.90
93.200;55.84
93.300;60.75
